4294967278,354
4294967278,60
4294967278,53
4294967278,49
4294967278,24
4294967278,300
4294967278,16
4294967278,14
4294967279,132
4294967279,77
4294967279,75
4294967279,71
4294967279,70
4294967279,64
4294967278,305
4294967278,44
4294967278,155
4294967279,155
1586,6
1586,5
1586,4
1586,3
1586,2
1586,1
4294967279,518
4294967278,19
1583,6
1583,5
1583,4
1583,3
1583,2
1583,1
4294967278,10
4294967278,434
4294967294,442
1580,6
1580,5
1580,4
1580,3
1580,2
1580,1
1577,6
1577,5
1577,4
1577,3
1577,2
1577,1
4294967279,198
4294967279,186
1574,6
1574,5
1574,4
1574,3
1574,2
1574,1
4294967279,176
4294967294,183
4294967294,390
4294967278,162
1571,4
1571,3
1571,2
1571,1
4294967279,162
4294967278,159
1570,4
1570,3
1570,2
1570,1
4294967279,336
4294967294,1422
4294967279,153
1569,5
1569,4
1569,3
1569,2
1569,1
1567,6
1567,5
1567,4
1567,3
1567,2
1567,1
1566,5
1566,4
1566,3
1566,2
1566,1
4294967294,1420
1565,4
1565,3
1565,2
1565,1
1564,5
1564,4
1564,3
1564,2
1564,1
4294967278,439
1563,4
1563,3
1563,2
1563,1
4294967279,254
4294967279,290
4294967279,343
4294967278,38
4294967278,435
4294967278,28
4294967278,13
4294967279,340
4294967279,52
4294967279,319
4294967279,243
4294967279,304
4294967294,406
4294967294,189
4294967294,389
4294967278,196
4294967278,195
1562,6
1562,5
1562,4
1562,2
1562,1
4294967278,296
1559,6
1559,5
1559,4
1559,3
1559,2
1559,1
4294967278,294
4294967279,301
4294967278,146
4294967279,34
4294967279,145
4294967278,142
1556,6
1556,5
1556,4
1556,2
1556,1
4294967279,299
4294967279,516
4294967279,285
4294967279,13
4294967279,554
4294967278,12
4294967279,231
4294967278,295
4294967279,11
4294967279,263
1553,6
4294967279,279
1553,5
1553,4
1553,2
1553,1
4294967279,131
4294967279,284
4294967278,279
4294967294,454
4294967279,129
4294967278,320
4294967279,127
4294967279,368
4294967278,252
4294967278,250
4294967279,542
4294967278,293
1550,6
1550,5
1550,4
1550,2
1550,1
4294967278,348
4294967278,291
4294967278,214
4294967278,210
4294967278,209
1547,4
4294967278,203
1547,3
1547,2
1547,1
1546,4
1546,3
1546,2
1546,1
4294967279,297
4294967279,196
4294967278,194
1545,5
1545,4
1545,3
1545,2
1545,1
4294967279,190
4294967278,186
1543,6
1543,5
1543,4
1543,3
1543,2
1543,1
1542,5
1542,4
1542,3
1542,2
1542,1
4294967278,286
4294967279,295
4294967278,166
1541,4
1541,3
1541,2
1541,1
4294967278,165
1540,5
4294967278,283
1540,4
4294967278,160
1540,3
1540,2
1540,1
1539,4
1539,3
1539,2
1539,1
4294967278,416
4294967279,353
4294967278,282
4294967279,309
4294967279,294
4294967279,346
4294967278,281
4294967279,270
4294967278,276
4294967279,83
4294967279,81
4294967279,73
4294967278,274
1538,6
1538,5
1538,4
1538,2
1538,1
4294967279,293
4294967278,273
4294967279,292
1535,6
1535,5
1535,4
1535,3
1535,2
1535,1
4294967279,289
4294967278,189
4294967279,189
4294967278,185
1532,6
1532,5
4294967279,185
1532,4
4294967278,183
1532,2
1532,1
4294967278,264
4294967278,178
4294967279,179
4294967279,178
4294967279,172
4294967279,175
4294967279,170
4294967279,288
4294967278,161
4294967279,160
1529,6
1529,5
4294967279,159
1529,4
4294967278,157
1529,2
1529,1
4294967278,346
4294967294,257
4294967279,338
4294967279,363
4294967279,287
4294967278,421
1526,6
1526,5
1526,4
1526,2
1526,1
4294967278,253
4294967279,268
4294967279,286
1523,4
1523,3
1523,2
1523,1
1522,4
1522,3
1522,2
1522,1
1521,5
1521,4
1521,3
1521,2
1521,1
1519,6
4294967278,227
1519,5
1519,4
1519,3
1519,2
1519,1
1518,5
1518,4
1518,3
1518,2
1518,1
4294967294,408
4294967294,169
4294967294,456
4294967278,443
4294967278,292
1517,4
1517,3
1517,2
1517,1
1516,5
1516,4
1516,3
1516,2
1516,1
1515,4
1515,3
1515,2
1515,1
4294967279,276
4294967279,262
4294967279,367
4294967278,251
4294967278,247
4294967294,402
4294967294,191
4294967278,245
4294967279,258
4294967278,340
4294967278,230
4294967278,417
4294967278,299
4294967278,52
4294967278,51
4294967278,50
4294967278,40
4294967278,336
4294967279,347
4294967279,333
4294967279,78
4294967279,538
4294967279,69
4294967279,67
4294967279,55
4294967279,50
4294967279,38
4294967279,37
4294967279,29
4294967278,48
4294967279,43
4294967278,42
4294967278,41
4294967279,41
4294967278,241
4294967278,297
1514,6
1514,5
1514,4
1514,2
1514,1
4294967279,383
4294967279,281
4294967278,239
4294967278,26
1511,6
1511,5
1511,4
1511,3
1511,2
1511,1
4294967278,240
4294967278,237
1508,6
1508,5
1508,4
1508,2
1508,1
4294967278,236
4294967279,311
4294967294,412
4294967294,111
4294967278,215
4294967278,289
4294967278,232
1505,6
1505,5
1505,4
1505,2
1505,1
4294967279,364
1502,6
1502,5
1502,4
1502,2
1502,1
4294967279,553
4294967294,414
4294967294,116
4294967279,169
1499,4
1499,3
1499,2
1499,1
1498,4
1498,3
1498,2
1498,1
4294967279,321
1497,5
1497,4
1497,3
1497,2
1497,1
1495,6
1495,5
1495,4
1495,3
1495,2
1495,1
1494,5
1494,4
1494,3
1494,2
1494,1
4294967279,265
1493,4
1493,3
1493,2
1493,1
4294967279,259
1492,5
1492,4
1492,3
1492,2
1492,1
4294967278,323
1491,4
1491,3
1491,2
1491,1
4294967278,321
4294967278,339
4294967278,338
4294967278,342
4294967279,310
4294967278,39
4294967278,37
4294967278,27
4294967279,65
4294967279,552
4294967279,260
4294967279,14
4294967279,202
4294967279,199
4294967278,228
4294967279,381
4294967278,378
1490,6
1490,5
4294967278,191
1490,4
4294967279,192
1490,2
1490,1
4294967278,190
4294967279,76
4294967278,226
4294967279,188
4294967279,187
4294967278,179
4294967278,180
4294967278,224
4294967279,173
1487,6
1487,5
1487,4
1487,3
1487,2
1487,1
4294967279,51
4294967278,337
4294967278,427
4294967278,46
4294967279,154
4294967278,35
4294967294,460
1484,6
1484,5
1484,4
4294967279,140
1484,2
1484,1
4294967279,26
4294967278,25
4294967279,380
4294967279,25
4294967279,271
4294967278,335
4294967279,379
4294967279,264
4294967278,327
4294967279,282
4294967278,222
4294967279,261
1481,6
1481,5
1481,4
1481,2
1481,1
4294967278,220
4294967278,256
4294967279,174
4294967278,242
4294967278,229
1478,6
1478,5
1478,4
1478,2
1478,1
4294967278,213
4294967294,263
4294967294,163
1475,4
1475,3
1475,2
1475,1
1474,4
1474,3
1474,2
1474,1
4294967279,200
1473,5
1473,4
1473,3
1473,2
1473,1
1471,6
4294967279,375
1471,5
1471,4
1471,3
1471,2
1471,1
4294967294,168
4294967294,593
1470,5
1470,4
1470,3
1470,2
1470,1
4294967278,218
1469,4
1469,3
1469,2
1469,1
1468,5
1468,4
1468,3
1468,2
1468,1
4294967278,216
1467,4
1467,3
1467,2
1467,1
4294967278,447
4294967279,327
4294967279,374
4294967294,395
4294967294,167
4294967278,400
4294967278,334
4294967279,349
1466,6
1466,5
1466,4
1466,2
1466,1
4294967278,233
4294967278,231
4294967278,217
4294967279,575
4294967278,333
4294967279,373
4294967278,211
1463,6
1463,5
1463,4
1463,3
1463,2
1463,1
4294967279,372
4294967279,371
4294967294,247
1460,6
1460,5
1460,4
1460,2
1460,1
4294967294,421
4294967294,182
4294967279,521
4294967279,370
4294967279,163
1457,6
4294967279,158
1457,5
1457,4
4294967279,156
1457,2
1457,1
4294967279,152
4294967279,151
4294967279,147
4294967279,143
4294967279,142
4294967279,141
4294967279,291
1454,6
1454,5
1454,4
1454,2
1454,1
1451,4
1451,3
1451,2
1451,1
4294967294,178
4294967294,462
1450,4
1450,3
1450,2
1450,1
1449,5
1449,4
1449,3
1449,2
1449,1
1447,6
1447,5
1447,4
1447,3
1447,2
1447,1
1446,5
1446,4
1446,3
1446,2
1446,1
4294967278,442
1445,4
1445,3
1445,2
1445,1
4294967278,205
4294967278,204
1444,5
4294967278,202
1444,4
1444,3
1444,2
1444,1
4294967278,200
4294967278,199
4294967278,198
1443,4
4294967278,197
1443,3
1443,2
1443,1
4294967278,332
4294967294,261
4294967279,328
4294967279,550
4294967279,168
4294967279,167
4294967279,166
4294967279,164
4294967278,426
4294967278,288
4294967278,330
4294967279,551
4294967279,54
4294967279,48
4294967279,320
4294967278,399
4294967279,532
4294967279,150
1442,6
1442,5
1442,4
1442,2
1442,1
4294967294,410
4294967294,479
4294967279,137
4294967279,135
4294967279,274
4294967278,287
4294967278,441
4294967278,88
4294967279,362
4294967278,302
1439,6
1439,5
1439,4
4294967278,433
1439,3
1439,2
1439,1
4294967278,408
1436,6
1436,5
1436,4
1436,2
1436,1
4294967278,440
4294967279,358
4294967278,221
4294967294,452
4294967294,119
4294967294,400
4294967278,436
1433,6
1433,5
1433,4
1433,2
1433,1
4294967279,82
4294967279,79
4294967279,68
4294967278,269
4294967279,357
1430,6
1430,5
1430,4
1430,2
1430,1
4294967279,355
4294967279,307
4294967294,451
4294967294,180
4294967279,354
4294967279,531
4294967278,158
1427,4
1427,3
1427,2
1427,1
1426,4
1426,3
1426,2
1426,1
4294967294,216
4294967294,194
4294967294,258
1425,5
1425,4
1425,3
1425,2
1425,1
1423,6
4294967294,478
1423,5
1423,4
